#Freq       VDB(5)    
 100.      -1.9542E-06   
 102.33    -1.9542E-06   
 104.71    -1.9542E-06   
 107.15    -1.9542E-06   
 109.65    -1.9542E-06   
 112.2     -1.9542E-06   
 114.82    -1.9542E-06   
 117.49    -1.9542E-06   
 120.23    -1.9542E-06   
 123.03    -1.9542E-06   
 125.89    -1.9542E-06   
 128.82    -1.9542E-06   
 131.83    -1.9542E-06   
 134.9     -1.9542E-06   
 138.04    -1.9542E-06   
 141.25    -1.9542E-06   
 144.54    -1.9541E-06   
 147.91    -1.9541E-06   
 151.36    -1.9541E-06   
 154.88    -1.9541E-06   
 158.49    -1.9541E-06   
 162.18    -1.9541E-06   
 165.96    -1.9541E-06   
 169.82    -1.9541E-06   
 173.78    -1.9541E-06   
 177.83    -1.9541E-06   
 181.97    -1.954E-06    
 186.21    -1.954E-06    
 190.55    -1.954E-06    
 194.98    -1.954E-06    
 199.53    -1.954E-06    
 204.17    -1.954E-06    
 208.93    -1.954E-06    
 213.8     -1.9539E-06   
 218.78    -1.9539E-06   
 223.87    -1.9539E-06   
 229.09    -1.9539E-06   
 234.42    -1.9539E-06   
 239.88    -1.9538E-06   
 245.47    -1.9538E-06   
 251.19    -1.9538E-06   
 257.04    -1.9538E-06   
 263.03    -1.9537E-06   
 269.15    -1.9537E-06   
 275.42    -1.9537E-06   
 281.84    -1.9536E-06   
 288.4     -1.9536E-06   
 295.12    -1.9536E-06   
 302.      -1.9535E-06   
 309.03    -1.9535E-06   
 316.23    -1.9535E-06   
 323.59    -1.9534E-06   
 331.13    -1.9534E-06   
 338.84    -1.9533E-06   
 346.74    -1.9533E-06   
 354.81    -1.9533E-06   
 363.08    -1.9532E-06   
 371.54    -1.9531E-06   
 380.19    -1.9531E-06   
 389.05    -1.953E-06    
 398.11    -1.953E-06    
 407.38    -1.9529E-06   
 416.87    -1.9528E-06   
 426.58    -1.9528E-06   
 436.52    -1.9527E-06   
 446.68    -1.9526E-06   
 457.09    -1.9525E-06   
 467.74    -1.9525E-06   
 478.63    -1.9524E-06   
 489.78    -1.9523E-06   
 501.19    -1.9522E-06   
 512.86    -1.9521E-06   
 524.81    -1.952E-06    
 537.03    -1.9519E-06   
 549.54    -1.9517E-06   
 562.34    -1.9516E-06   
 575.44    -1.9515E-06   
 588.84    -1.9514E-06   
 602.56    -1.9512E-06   
 616.6     -1.9511E-06   
 630.96    -1.9509E-06   
 645.65    -1.9508E-06   
 660.69    -1.9506E-06   
 676.08    -1.9504E-06   
 691.83    -1.9502E-06   
 707.95    -1.95E-06     
 724.44    -1.9498E-06   
 741.31    -1.9496E-06   
 758.58    -1.9494E-06   
 776.25    -1.9492E-06   
 794.33    -1.9489E-06   
 812.83    -1.9487E-06   
 831.76    -1.9484E-06   
 851.14    -1.9481E-06   
 870.96    -1.9479E-06   
 891.25    -1.9475E-06   
 912.01    -1.9472E-06   
 933.25    -1.9469E-06   
 954.99    -1.9465E-06   
 977.24    -1.9462E-06   
 1.E+03       -1.9458E-06   
 1.0233E+03   -1.9454E-06   
 1.0471E+03   -1.945E-06    
 1.0715E+03   -1.9445E-06   
 1.0965E+03   -1.9441E-06   
 1.122E+03    -1.9436E-06   
 1.1482E+03   -1.9431E-06   
 1.1749E+03   -1.9426E-06   
 1.2023E+03   -1.942E-06    
 1.2303E+03   -1.9414E-06   
 1.2589E+03   -1.9408E-06   
 1.2882E+03   -1.9402E-06   
 1.3183E+03   -1.9395E-06   
 1.349E+03    -1.9388E-06   
 1.3804E+03   -1.9381E-06   
 1.4125E+03   -1.9373E-06   
 1.4454E+03   -1.9365E-06   
 1.4791E+03   -1.9357E-06   
 1.5136E+03   -1.9348E-06   
 1.5488E+03   -1.9339E-06   
 1.5849E+03   -1.9329E-06   
 1.6218E+03   -1.9319E-06   
 1.6596E+03   -1.9308E-06   
 1.6982E+03   -1.9297E-06   
 1.7378E+03   -1.9286E-06   
 1.7783E+03   -1.9274E-06   
 1.8197E+03   -1.9261E-06   
 1.8621E+03   -1.9247E-06   
 1.9055E+03   -1.9234E-06   
 1.9498E+03   -1.9219E-06   
 1.9953E+03   -1.9204E-06   
 2.0417E+03   -1.9188E-06   
 2.0893E+03   -1.9171E-06   
 2.138E+03    -1.9153E-06   
 2.1878E+03   -1.9135E-06   
 2.2387E+03   -1.9116E-06   
 2.2909E+03   -1.9096E-06   
 2.3442E+03   -1.9075E-06   
 2.3988E+03   -1.9052E-06   
 2.4547E+03   -1.9029E-06   
 2.5119E+03   -1.9005E-06   
 2.5704E+03   -1.898E-06    
 2.6303E+03   -1.8953E-06   
 2.6915E+03   -1.8925E-06   
 2.7542E+03   -1.8896E-06   
 2.8184E+03   -1.8866E-06   
 2.884E+03    -1.8834E-06   
 2.9512E+03   -1.88E-06     
 3.02E+03     -1.8765E-06   
 3.0903E+03   -1.8729E-06   
 3.1623E+03   -1.869E-06    
 3.2359E+03   -1.865E-06    
 3.3113E+03   -1.8608E-06   
 3.3884E+03   -1.8564E-06   
 3.4674E+03   -1.8518E-06   
 3.5481E+03   -1.8469E-06   
 3.6308E+03   -1.8419E-06   
 3.7154E+03   -1.8366E-06   
 3.8019E+03   -1.831E-06    
 3.8905E+03   -1.8252E-06   
 3.9811E+03   -1.8191E-06   
 4.0738E+03   -1.8128E-06   
 4.1687E+03   -1.8061E-06   
 4.2658E+03   -1.7991E-06   
 4.3652E+03   -1.7918E-06   
 4.4668E+03   -1.7841E-06   
 4.5709E+03   -1.7761E-06   
 4.6774E+03   -1.7677E-06   
 4.7863E+03   -1.7589E-06   
 4.8978E+03   -1.7497E-06   
 5.0119E+03   -1.7401E-06   
 5.1286E+03   -1.73E-06     
 5.2481E+03   -1.7194E-06   
 5.3703E+03   -1.7083E-06   
 5.4954E+03   -1.6967E-06   
 5.6234E+03   -1.6846E-06   
 5.7544E+03   -1.6719E-06   
 5.8884E+03   -1.6586E-06   
 6.0256E+03   -1.6446E-06   
 6.166E+03    -1.63E-06     
 6.3096E+03   -1.6147E-06   
 6.4565E+03   -1.5987E-06   
 6.6069E+03   -1.582E-06    
 6.7608E+03   -1.5644E-06   
 6.9183E+03   -1.5461E-06   
 7.0795E+03   -1.5268E-06   
 7.2444E+03   -1.5067E-06   
 7.4131E+03   -1.4856E-06   
 7.5858E+03   -1.4635E-06   
 7.7625E+03   -1.4404E-06   
 7.9433E+03   -1.4161E-06   
 8.1283E+03   -1.3908E-06   
 8.3176E+03   -1.3642E-06   
 8.5114E+03   -1.3364E-06   
 8.7096E+03   -1.3073E-06   
 8.9125E+03   -1.2768E-06   
 9.1201E+03   -1.2449E-06   
 9.3325E+03   -1.2114E-06   
 9.5499E+03   -1.1764E-06   
 9.7724E+03   -1.1397E-06   
 10.E+03      -1.1013E-06   
 10.233E+03   -1.0611E-06   
 10.471E+03   -1.0191E-06   
 10.715E+03   -974.98E-09   
 10.965E+03   -928.82E-09   
 11.22E+03    -880.49E-09   
 11.482E+03   -829.88E-09   
 11.749E+03   -776.89E-09   
 12.023E+03   -721.4E-09    
 12.303E+03   -663.29E-09   
 12.589E+03   -602.45E-09   
 12.882E+03   -538.74E-09   
 13.183E+03   -472.02E-09   
 13.49E+03    -402.16E-09   
 13.804E+03   -329.01E-09   
 14.125E+03   -252.41E-09   
 14.454E+03   -172.21E-09   
 14.791E+03   -88.217E-09   
 15.136E+03   -269.69E-12   
 15.488E+03    91.822E-09   
 15.849E+03    188.25E-09   
 16.218E+03    289.23E-09   
 16.596E+03    394.97E-09   
 16.982E+03    505.69E-09   
 17.378E+03    621.62E-09   
 17.783E+03    743.02E-09   
 18.197E+03    870.14E-09   
 18.621E+03    1.0033E-06   
 19.055E+03    1.1426E-06   
 19.498E+03    1.2886E-06   
 19.953E+03    1.4414E-06   
 20.417E+03    1.6015E-06   
 20.893E+03    1.7691E-06   
 21.38E+03     1.9445E-06   
 21.878E+03    2.1283E-06   
 22.387E+03    2.3207E-06   
 22.909E+03    2.5222E-06   
 23.442E+03    2.7331E-06   
 23.988E+03    2.954E-06    
 24.547E+03    3.1854E-06   
 25.119E+03    3.4276E-06   
 25.704E+03    3.6812E-06   
 26.303E+03    3.9468E-06   
 26.915E+03    4.2249E-06   
 27.542E+03    4.5162E-06   
 28.184E+03    4.8211E-06   
 28.84E+03     5.1404E-06   
 29.512E+03    5.4748E-06   
 30.2E+03      5.8249E-06   
 30.903E+03    6.1915E-06   
 31.623E+03    6.5754E-06   
 32.359E+03    6.9774E-06   
 33.113E+03    7.3984E-06   
 33.884E+03    7.8392E-06   
 34.674E+03    8.3007E-06   
 35.481E+03    8.784E-06    
 36.308E+03    9.2901E-06   
 37.154E+03    9.82E-06     
 38.019E+03    10.375E-06   
 38.905E+03    10.956E-06   
 39.811E+03    11.564E-06   
 40.738E+03    12.202E-06   
 41.687E+03    12.869E-06   
 42.658E+03    13.567E-06   
 43.652E+03    14.299E-06   
 44.668E+03    15.065E-06   
 45.709E+03    15.867E-06   
 46.774E+03    16.707E-06   
 47.863E+03    17.586E-06   
 48.978E+03    18.507E-06   
 50.119E+03    19.472E-06   
 51.286E+03    20.481E-06   
 52.481E+03    21.539E-06   
 53.703E+03    22.646E-06   
 54.954E+03    23.805E-06   
 56.234E+03    25.019E-06   
 57.544E+03    26.29E-06    
 58.884E+03    27.622E-06   
 60.256E+03    29.015E-06   
 61.66E+03     30.475E-06   
 63.096E+03    32.003E-06   
 64.565E+03    33.604E-06   
 66.069E+03    35.28E-06    
 67.608E+03    37.034E-06   
 69.183E+03    38.872E-06   
 70.795E+03    40.796E-06   
 72.444E+03    42.811E-06   
 74.131E+03    44.92E-06    
 75.858E+03    47.13E-06    
 77.625E+03    49.443E-06   
 79.433E+03    51.865E-06   
 81.283E+03    54.402E-06   
 83.176E+03    57.058E-06   
 85.114E+03    59.839E-06   
 87.096E+03    62.751E-06   
 89.125E+03    65.801E-06   
 91.201E+03    68.994E-06   
 93.325E+03    72.338E-06   
 95.499E+03    75.839E-06   
 97.724E+03    79.505E-06   
 100.E+03      83.344E-06   
 102.33E+03    87.364E-06   
 104.71E+03    91.574E-06   
 107.15E+03    95.982E-06   
 109.65E+03    100.6E-06    
 112.2E+03     105.43E-06   
 114.82E+03    110.49E-06   
 117.49E+03    115.79E-06   
 120.23E+03    121.34E-06   
 123.03E+03    127.15E-06   
 125.89E+03    133.24E-06   
 128.82E+03    139.61E-06   
 131.83E+03    146.28E-06   
 134.9E+03     153.27E-06   
 138.04E+03    160.58E-06   
 141.25E+03    168.24E-06   
 144.54E+03    176.26E-06   
 147.91E+03    184.66E-06   
 151.36E+03    193.46E-06   
 154.88E+03    202.67E-06   
 158.49E+03    212.31E-06   
 162.18E+03    222.41E-06   
 165.96E+03    232.98E-06   
 169.82E+03    244.06E-06   
 173.78E+03    255.65E-06   
 177.83E+03    267.79E-06   
 181.97E+03    280.5E-06    
 186.21E+03    293.82E-06   
 190.55E+03    307.76E-06   
 194.98E+03    322.35E-06   
 199.53E+03    337.64E-06   
 204.17E+03    353.64E-06   
 208.93E+03    370.4E-06    
 213.8E+03     387.95E-06   
 218.78E+03    406.33E-06   
 223.87E+03    425.57E-06   
 229.09E+03    445.72E-06   
 234.42E+03    466.82E-06   
 239.88E+03    488.92E-06   
 245.47E+03    512.05E-06   
 251.19E+03    536.28E-06   
 257.04E+03    561.65E-06   
 263.03E+03    588.21E-06   
 269.15E+03    616.03E-06   
 275.42E+03    645.15E-06   
 281.84E+03    675.65E-06   
 288.4E+03     707.59E-06   
 295.12E+03    741.03E-06   
 302.E+03      776.05E-06   
 309.03E+03    812.72E-06   
 316.23E+03    851.12E-06   
 323.59E+03    891.33E-06   
 331.13E+03    933.44E-06   
 338.84E+03    977.53E-06   
 346.74E+03    0.0010237 
 354.81E+03    0.001072  
 363.08E+03    0.0011227 
 371.54E+03    0.0011757 
 380.19E+03    0.0012312 
 389.05E+03    0.0012893 
 398.11E+03    0.0013502 
 407.38E+03    0.0014139 
 416.87E+03    0.0014807 
 426.58E+03    0.0015505 
 436.52E+03    0.0016237 
 446.68E+03    0.0017004 
 457.09E+03    0.0017806 
 467.74E+03    0.0018646 
 478.63E+03    0.0019526 
 489.78E+03    0.0020448 
 501.19E+03    0.0021413 
 512.86E+03    0.0022423 
 524.81E+03    0.0023481 
 537.03E+03    0.0024589 
 549.54E+03    0.0025749 
 562.34E+03    0.0026964 
 575.44E+03    0.0028236 
 588.84E+03    0.0029569 
 602.56E+03    0.0030964 
 616.6E+03     0.0032424 
 630.96E+03    0.0033954 
 645.65E+03    0.0035556 
 660.69E+03    0.0037234 
 676.08E+03    0.003899  
 691.83E+03    0.004083  
 707.95E+03    0.0042756 
 724.44E+03    0.0044773 
 741.31E+03    0.0046886 
 758.58E+03    0.0049098 
 776.25E+03    0.0051414 
 794.33E+03    0.005384  
 812.83E+03    0.005638  
 831.76E+03    0.005904  
 851.14E+03    0.0061826 
 870.96E+03    0.0064744 
 891.25E+03    0.0067799 
 912.01E+03    0.0070998 
 933.25E+03    0.0074348 
 954.99E+03    0.0077857 
 977.24E+03    0.0081531 
 1.E+06      0.0085379 
 1.0233E+06  0.0089408 
 1.0471E+06  0.0093628 
 1.0715E+06  0.0098047 
 1.0965E+06  0.010268  
 1.122E+06   0.010752  
 1.1482E+06  0.01126   
 1.1749E+06  0.011791  
 1.2023E+06  0.012348  
 1.2303E+06  0.012931  
 1.2589E+06  0.013542  
 1.2882E+06  0.014181  
 1.3183E+06  0.014851  
 1.349E+06   0.015552  
 1.3804E+06  0.016287  
 1.4125E+06  0.017056  
 1.4454E+06  0.017862  
 1.4791E+06  0.018706  
 1.5136E+06  0.01959   
 1.5488E+06  0.020516  
 1.5849E+06  0.021485  
 1.6218E+06  0.022501  
 1.6596E+06  0.023564  
 1.6982E+06  0.024678  
 1.7378E+06  0.025845  
 1.7783E+06  0.027068  
 1.8197E+06  0.028348  
 1.8621E+06  0.029689  
 1.9055E+06  0.031093  
 1.9498E+06  0.032564  
 1.9953E+06  0.034105  
 2.0417E+06  0.035719  
 2.0893E+06  0.03741   
 2.138E+06   0.039181  
 2.1878E+06  0.041037  
 2.2387E+06  0.04298   
 2.2909E+06  0.045016  
 2.3442E+06  0.047149  
 2.3988E+06  0.049383  
 2.4547E+06  0.051724  
 2.5119E+06  0.054176  
 2.5704E+06  0.056745  
 2.6303E+06  0.059436  
 2.6915E+06  0.062255  
 2.7542E+06  0.065209  
 2.8184E+06  0.068304  
 2.884E+06   0.071546  
 2.9512E+06  0.074943  
 3.02E+06    0.078502  
 3.0903E+06  0.08223   
 3.1623E+06  0.086137  
 3.2359E+06  0.090231  
 3.3113E+06  0.09452   
 3.3884E+06  0.099014  
 3.4674E+06  0.10372   
 3.5481E+06  0.10866   
 3.6308E+06  0.11383   
 3.7154E+06  0.11925   
 3.8019E+06  0.12492   
 3.8905E+06  0.13087   
 3.9811E+06  0.13711   
 4.0738E+06  0.14364   
 4.1687E+06  0.15048   
 4.2658E+06  0.15766   
 4.3652E+06  0.16518   
 4.4668E+06  0.17305   
 4.5709E+06  0.18131   
 4.6774E+06  0.18996   
 4.7863E+06  0.19903   
 4.8978E+06  0.20853   
 5.0119E+06  0.21849   
 5.1286E+06  0.22893   
 5.2481E+06  0.23987   
 5.3703E+06  0.25133   
 5.4954E+06  0.26335   
 5.6234E+06  0.27594   
 5.7544E+06  0.28914   
 5.8884E+06  0.30297   
 6.0256E+06  0.31747   
 6.166E+06   0.33266   
 6.3096E+06  0.34859   
 6.4565E+06  0.36528   
 6.6069E+06  0.38278   
 6.7608E+06  0.40112   
 6.9183E+06  0.42034   
 7.0795E+06  0.44049   
 7.2444E+06  0.46161   
 7.4131E+06  0.48374   
 7.5858E+06  0.50695   
 7.7625E+06  0.53127   
 7.9433E+06  0.55677   
 8.1283E+06  0.5835    
 8.3176E+06  0.61151   
 8.5114E+06  0.64088   
 8.7096E+06  0.67167   
 8.9125E+06  0.70395   
 9.1201E+06  0.73778   
 9.3325E+06  0.77325   
 9.5499E+06  0.81044   
 9.7724E+06  0.84942   
 10.E+06     0.89029   
 10.233E+06  0.93314   
 10.471E+06  0.97806   
 10.715E+06  1.0252    
 10.965E+06  1.0745    
 11.22E+06   1.1263    
 11.482E+06  1.1806    
 11.749E+06  1.2375    
 12.023E+06  1.2971    
 12.303E+06  1.3596    
 12.589E+06  1.4252    
 12.882E+06  1.4939    
 13.183E+06  1.5659    
 13.49E+06   1.6413    
 13.804E+06  1.7204    
 14.125E+06  1.8033    
 14.454E+06  1.8901    
 14.791E+06  1.981     
 15.136E+06  2.0762    
 15.488E+06  2.1758    
 15.849E+06  2.2801    
 16.218E+06  2.3892    
 16.596E+06  2.5033    
 16.982E+06  2.6224    
 17.378E+06  2.7469    
 17.783E+06  2.8767    
 18.197E+06  3.012     
 18.621E+06  3.1528    
 19.055E+06  3.2993    
 19.498E+06  3.4512    
 19.953E+06  3.6086    
 20.417E+06  3.7711    
 20.893E+06  3.9386    
 21.38E+06   4.1104    
 21.878E+06  4.2861    
 22.387E+06  4.4646    
 22.909E+06  4.6449    
 23.442E+06  4.8256    
 23.988E+06  5.0048    
 24.547E+06  5.1804    
 25.119E+06  5.3498    
 25.704E+06  5.5098    
 26.303E+06  5.6569    
 26.915E+06  5.7872    
 27.542E+06  5.8962    
 28.184E+06  5.9796    
 28.84E+06   6.0329    
 29.512E+06  6.0521    
 30.2E+06    6.0337    
 30.903E+06  5.9753    
 31.623E+06  5.8757    
 32.359E+06  5.7351    
 33.113E+06  5.5551    
 33.884E+06  5.3383    
 34.674E+06  5.0888    
 35.481E+06  4.8112    
 36.308E+06  4.5104    
 37.154E+06  4.1917    
 38.019E+06  3.8602    
 38.905E+06  3.5207    
 39.811E+06  3.1777    
 40.738E+06  2.8351    
 41.687E+06  2.4966    
 42.658E+06  2.1653    
 43.652E+06  1.844     
 44.668E+06  1.535     
 45.709E+06  1.2406    
 46.774E+06  0.96251   
 47.863E+06  0.70215   
 48.978E+06  0.46072   
 50.119E+06  0.23897   
 51.286E+06  0.037107  
 52.481E+06 -0.1454    
 53.703E+06 -0.31016   
 54.954E+06 -0.46035   
 56.234E+06 -0.60147   
 57.544E+06 -0.74226   
 58.884E+06 -0.89594   
 60.256E+06 -1.0815    
 61.66E+06  -1.324     
 63.096E+06 -1.6529    
 64.565E+06 -2.0951    
 66.069E+06 -2.6627    
 67.608E+06 -3.3429    
 69.183E+06 -4.1067    
 70.795E+06 -4.9361    
 72.444E+06 -5.835     
 74.131E+06 -6.8126    
 75.858E+06 -7.8661    
 77.625E+06 -8.981     
 79.433E+06 -10.138    
 81.283E+06 -11.32     
 83.176E+06 -12.511    
 85.114E+06 -13.702    
 87.096E+06 -14.886    
 89.125E+06 -16.057    
 91.201E+06 -17.215    
 93.325E+06 -18.356    
 95.499E+06 -19.48     
 97.724E+06 -20.588    
 100.E+06   -21.679    
 102.33E+06 -22.755    
 104.71E+06 -23.815    
 107.15E+06 -24.861    
 109.65E+06 -25.894    
 112.2E+06  -26.914    
 114.82E+06 -27.922    
 117.49E+06 -28.918    
 120.23E+06 -29.904    
 123.03E+06 -30.88     
 125.89E+06 -31.846    
 128.82E+06 -32.804    
 131.83E+06 -33.753    
 134.9E+06  -34.695    
 138.04E+06 -35.63     
 141.25E+06 -36.557    
 144.54E+06 -37.479    
 147.91E+06 -38.394    
 151.36E+06 -39.304    
 154.88E+06 -40.209    
 158.49E+06 -41.108    
 162.18E+06 -42.003    
 165.96E+06 -42.893    
 169.82E+06 -43.78     
 173.78E+06 -44.662    
 177.83E+06 -45.541    
 181.97E+06 -46.417    
 186.21E+06 -47.289    
 190.55E+06 -48.158    
 194.98E+06 -49.025    
 199.53E+06 -49.889    
 204.17E+06 -50.75     
 208.93E+06 -51.609    
 213.8E+06  -52.466    
 218.78E+06 -53.321    
 223.87E+06 -54.174    
 229.09E+06 -55.026    
 234.42E+06 -55.876    
 239.88E+06 -56.724    
 245.47E+06 -57.571    
 251.19E+06 -58.417    
 257.04E+06 -59.261    
 263.03E+06 -60.105    
 269.15E+06 -60.948    
 275.42E+06 -61.789    
 281.84E+06 -62.631    
 288.4E+06  -63.471    
 295.12E+06 -64.311    
 302.E+06   -65.151    
 309.03E+06 -65.99     
 316.23E+06 -66.829    
 323.59E+06 -67.668    
 331.13E+06 -68.507    
 338.84E+06 -69.346    
 346.74E+06 -70.185    
 354.81E+06 -71.024    
 363.08E+06 -71.863    
 371.54E+06 -72.703    
 380.19E+06 -73.544    
 389.05E+06 -74.385    
 398.11E+06 -75.227    
 407.38E+06 -76.07     
 416.87E+06 -76.913    
 426.58E+06 -77.758    
 436.52E+06 -78.604    
 446.68E+06 -79.451    
 457.09E+06 -80.299    
 467.74E+06 -81.149    
 478.63E+06 -82.001    
 489.78E+06 -82.854    
 501.19E+06 -83.709    
 512.86E+06 -84.567    
 524.81E+06 -85.427    
 537.03E+06 -86.289    
 549.54E+06 -87.154    
 562.34E+06 -88.021    
 575.44E+06 -88.892    
 588.84E+06 -89.766    
 602.56E+06 -90.643    
 616.6E+06  -91.525    
 630.96E+06 -92.41     
 645.65E+06 -93.299    
 660.69E+06 -94.193    
 676.08E+06 -95.092    
 691.83E+06 -95.997    
 707.95E+06 -96.907    
 724.44E+06 -97.823    
 741.31E+06 -98.745    
 758.58E+06 -99.675    
 776.25E+06 -100.61    
 794.33E+06 -101.56    
 812.83E+06 -102.51    
 831.76E+06 -103.48    
 851.14E+06 -104.45    
 870.96E+06 -105.43    
 891.25E+06 -106.43    
 912.01E+06 -107.44    
 933.25E+06 -108.46    
 954.99E+06 -109.5     
 977.24E+06 -110.56    
 1.E+09       -111.63    
